#Life 1.06
#N My universe
#R B3/S012345678
#S 22 22
3 2
7 2
8 2
9 2
10 2
11 2
12 2
13 2
14 2
18 2
4 3
5 3
6 3
15 3
16 3
17 3
4 4
5 4
8 4
10 4
11 4
13 4
16 4
17 4
4 5
7 5
9 5
12 5
14 5
17 5
3 6
6 6
7 6
14 6
15 6
18 6
2 7
5 7
8 7
13 7
16 7
19 7
1 8
6 8
10 8
11 8
15 8
20 8
1 9
5 9
9 9
12 9
16 9
20 9
1 10
4 10
8 10
10 10
11 10
13 10
17 10
20 10
1 11
4 11
8 11
10 11
11 11
13 11
17 11
20 11
1 12
5 12
9 12
12 12
16 12
20 12
1 13
6 13
10 13
11 13
15 13
20 13
2 14
5 14
8 14
13 14
16 14
19 14
3 15
6 15
7 15
14 15
15 15
18 15
4 16
7 16
9 16
12 16
14 16
17 16
4 17
5 17
8 17
10 17
11 17
13 17
16 17
17 17
4 18
5 18
6 18
15 18
16 18
17 18
3 19
7 19
8 19
9 19
10 19
11 19
12 19
13 19
14 19
18 19